DATAP_WORKER_START
weights:
-0.083582 -0.046890 0.128871 -0.135216 0.013401 
0.314678 0.391908 0.135712 0.217297 -0.358397 
-0.030583 -0.507986 -0.257113 -0.362768 0.304177 
-0.480873 -0.123343 -0.370210 -0.391191 0.498925 
-0.419295 -0.011355 0.339112 0.112640 -0.203968 
0.133806 0.002458 0.269914 -0.099771 0.391529 -0.216685 -0.147542 0.307725 
0.281474 -0.454532 0.449327 0.025995 -0.413944 -0.307786 0.163227 0.390233 
-0.288659 -0.460116 -0.479977 -0.042298 -0.436904 -0.261720 0.470634 0.402208 
0.213368 -0.257621 0.039760 -0.124793 0.260249 0.012535 0.167724 0.031606 
-0.598272 -0.086649 0.431835 0.430810 0.220952 -0.215707 0.238534 0.139979 
0.255820 -0.173927 0.186670 0.456468 
-0.048912 0.133017 0.358676 -0.060440 
0.286418 -0.125850 0.314767 0.184219 
0.273420 -0.041796 -0.284175 0.450252 
0.282576 -0.376627 0.381062 0.141081 
-0.205599 0.095309 -0.218941 0.286002 
-0.330094 -0.077253 -0.273893 -0.312467 
-0.361317 0.032157 -0.083499 -0.330393 
0.122923 
0.347200 
0.297452 
0.046893 

tanh


biases:
0.000000 0.000000 -0.006417 0.472775 -0.207604 

mse
DATAP_WORKER_END
