CALL HAS BEEN MADE
DATAP_WORKER_START
weights:
0.049241 -0.022910 0.138286 -0.136151 0.012259 
0.447501 0.415888 0.145127 0.216362 -0.359539 
0.102240 -0.484006 -0.247698 -0.363703 0.303035 
-0.348050 -0.099363 -0.360795 -0.392126 0.497783 
-0.286472 0.012625 0.348527 0.111705 -0.205110 

tanh

0.266029 0.018426 0.262905 -0.100706 0.388071 -0.216788 -0.147577 0.307725 
0.413697 -0.438564 0.442318 0.025060 -0.417402 -0.307889 0.163192 0.390233 
-0.156436 -0.444148 -0.486986 -0.043233 -0.440362 -0.261823 0.470599 0.402208 
0.345591 -0.241653 0.032751 -0.125728 0.256791 0.012432 0.167689 0.031606 
-0.466049 -0.070681 0.424826 0.429875 0.217494 -0.215810 0.238499 0.139979 

relu

0.385852 -0.166467 0.171593 0.451394 
0.081120 0.140477 0.343599 -0.065514 
0.416450 -0.118390 0.299690 0.179145 
0.403452 -0.034336 -0.299252 0.445178 
0.412608 -0.369167 0.365985 0.136007 
-0.075567 0.102769 -0.234018 0.280928 
-0.200062 -0.069793 -0.288970 -0.317541 
-0.231285 0.039617 -0.098576 -0.335467 

sigmoid

0.094328 
0.323298 
0.273550 
0.022991 

tanh

0.049241 -0.022910 0.138286 -0.136151 0.012259 
0.447501 0.415888 0.145127 0.216362 -0.359539 
0.102240 -0.484006 -0.247698 -0.363703 0.303035 
-0.348050 -0.099363 -0.360795 -0.392126 0.497783 
-0.286472 0.012625 0.348527 0.111705 -0.205110 

tanh

0.266029 0.018427 0.262905 -0.100705 0.388071 -0.216788 -0.147577 0.307725 
0.413697 -0.438563 0.442318 0.025061 -0.417402 -0.307889 0.163192 0.390233 
-0.156436 -0.444147 -0.486986 -0.043232 -0.440362 -0.261823 0.470599 0.402208 
0.345591 -0.241652 0.032751 -0.125727 0.256791 0.012432 0.167689 0.031606 
-0.466049 -0.070680 0.424826 0.429876 0.217494 -0.215810 0.238499 0.139979 

relu

0.385853 -0.166465 0.171594 0.451395 
0.081121 0.140479 0.343600 -0.065513 
0.416451 -0.118388 0.299691 0.179146 
0.403453 -0.034334 -0.299251 0.445179 
0.412609 -0.369165 0.365986 0.136008 
-0.075566 0.102771 -0.234017 0.280929 
-0.200061 -0.069791 -0.288969 -0.317540 
-0.231284 0.039619 -0.098575 -0.335466 

sigmoid

0.094346 
0.323316 
0.273568 
0.023009 

tanh

0.049241 -0.022910 0.138286 -0.136151 0.012259 
0.447501 0.415888 0.145127 0.216362 -0.359539 
0.102240 -0.484006 -0.247698 -0.363703 0.303035 
-0.348050 -0.099363 -0.360795 -0.392126 0.497783 
-0.286472 0.012625 0.348527 0.111705 -0.205110 

tanh

0.266029 0.018427 0.262905 -0.100705 0.388071 -0.216788 -0.147577 0.307725 
0.413697 -0.438563 0.442318 0.025061 -0.417402 -0.307889 0.163192 0.390233 
-0.156436 -0.444147 -0.486986 -0.043232 -0.440362 -0.261823 0.470599 0.402208 
0.345591 -0.241652 0.032751 -0.125727 0.256791 0.012432 0.167689 0.031606 
-0.466049 -0.070680 0.424826 0.429876 0.217494 -0.215810 0.238499 0.139979 

relu

0.385853 -0.166465 0.171594 0.451395 
0.081121 0.140479 0.343600 -0.065513 
0.416451 -0.118388 0.299691 0.179146 
0.403453 -0.034334 -0.299251 0.445179 
0.412609 -0.369165 0.365986 0.136008 
-0.075566 0.102771 -0.234017 0.280929 
-0.200061 -0.069791 -0.288969 -0.317540 
-0.231284 0.039619 -0.098575 -0.335466 

sigmoid

0.094346 
0.323316 
0.273568 
0.023009 

tanh

0.049241 -0.022910 0.138286 -0.136151 0.012259 
0.447501 0.415888 0.145127 0.216362 -0.359539 
0.102240 -0.484006 -0.247698 -0.363703 0.303035 
-0.348050 -0.099363 -0.360795 -0.392126 0.497783 
-0.286472 0.012625 0.348527 0.111705 -0.205110 

tanh

0.266029 0.018427 0.262905 -0.100705 0.388071 -0.216788 -0.147577 0.307725 
0.413697 -0.438563 0.442318 0.025061 -0.417402 -0.307889 0.163192 0.390233 
-0.156436 -0.444147 -0.486986 -0.043232 -0.440362 -0.261823 0.470599 0.402208 
0.345591 -0.241652 0.032751 -0.125727 0.256791 0.012432 0.167689 0.031606 
-0.466049 -0.070680 0.424826 0.429876 0.217494 -0.215810 0.238499 0.139979 

relu

0.385853 -0.166466 0.171594 0.451394 
0.081121 0.140478 0.343600 -0.065514 
0.416451 -0.118389 0.299691 0.179145 
0.403453 -0.034335 -0.299251 0.445178 
0.412609 -0.369166 0.365986 0.136007 
-0.075566 0.102770 -0.234017 0.280928 
-0.200061 -0.069792 -0.288969 -0.317541 
-0.231284 0.039618 -0.098575 -0.335467 

sigmoid

0.094340 
0.323316 
0.273568 
0.023009 

tanh

0.049222 -0.022918 0.138268 -0.136132 0.012237 
0.447482 0.415880 0.145109 0.216381 -0.359561 
0.102221 -0.484014 -0.247716 -0.363684 0.303013 
-0.348069 -0.099371 -0.360813 -0.392107 0.497761 
-0.286491 0.012617 0.348509 0.111724 -0.205132 

tanh

0.266071 0.018427 0.262905 -0.100680 0.388071 -0.216685 -0.147542 0.307725 
0.413739 -0.438563 0.442318 0.025086 -0.417402 -0.307786 0.163227 0.390233 
-0.156394 -0.444147 -0.486986 -0.043207 -0.440362 -0.261720 0.470634 0.402208 
0.345633 -0.241652 0.032751 -0.125702 0.256791 0.012535 0.167724 0.031606 
-0.466007 -0.070680 0.424826 0.429901 0.217494 -0.215707 0.238534 0.139979 

relu

0.385450 -0.166873 0.171494 0.451718 
0.080718 0.140071 0.343500 -0.065190 
0.416048 -0.118796 0.299591 0.179469 
0.403050 -0.034742 -0.299351 0.445502 
0.412206 -0.369573 0.365886 0.136331 
-0.075969 0.102363 -0.234117 0.281252 
-0.200464 -0.070199 -0.289069 -0.317217 
-0.231687 0.039211 -0.098675 -0.335143 

sigmoid

0.093225 
0.317502 
0.267754 
0.017195 

tanh


biases:
0.132823 0.023980 0.002998 0.471840 -0.208625 
-0.151280 0.179542 -0.341035 -0.060830 0.376617 0.329098 -0.169698 -0.271032 
0.399284 -0.413656 -0.389002 -0.009630 
-0.278266 
0.132823 0.023980 0.002998 0.471840 -0.208625 
-0.151280 0.179543 -0.341035 -0.060829 0.376617 0.329098 -0.169698 -0.271032 
0.399285 -0.413654 -0.389001 -0.009629 
-0.278248 
0.132823 0.023980 0.002998 0.471840 -0.208625 
-0.151280 0.179543 -0.341035 -0.060829 0.376617 0.329098 -0.169698 -0.271032 
0.399285 -0.413654 -0.389001 -0.009629 
-0.278248 
0.132823 0.023980 0.002998 0.471840 -0.208625 
-0.151280 0.179543 -0.341035 -0.060829 0.376617 0.329098 -0.169698 -0.271032 
0.399285 -0.413655 -0.389001 -0.009630 
-0.278248 
0.132804 0.023972 0.002980 0.471859 -0.208647 
-0.151238 0.179543 -0.341035 -0.060804 0.376617 0.329201 -0.169663 -0.271032 
0.398882 -0.414062 -0.389101 -0.009306 
-0.284062 

mse
DATAP_WORKER_END
