weights:
-0.082863 -0.046765 0.128871 -0.135216 0.013401 
0.315397 0.392033 0.135712 0.217297 -0.358397 
-0.029864 -0.507861 -0.257113 -0.362768 0.304177 
-0.480154 -0.123218 -0.370210 -0.391191 0.498925 
-0.418576 -0.011230 0.339112 0.112640 -0.203968 
0.134525 0.002583 0.269914 -0.099771 0.391529 -0.216685 -0.147542 0.307725 
0.282193 -0.454407 0.449327 0.025995 -0.413944 -0.307786 0.163227 0.390233 
-0.287940 -0.459991 -0.479977 -0.042298 -0.436904 -0.261720 0.470634 0.402208 
0.214087 -0.257496 0.039760 -0.124793 0.260249 0.012535 0.167724 0.031606 
-0.597553 -0.086524 0.431835 0.430810 0.220952 -0.215707 0.238534 0.139979 
0.256539 -0.173802 0.186670 0.456468 
-0.048193 0.133142 0.358676 -0.060440 
0.287137 -0.125725 0.314767 0.184219 
0.274139 -0.041671 -0.284175 0.450252 
0.283295 -0.376502 0.381062 0.141081 
-0.204880 0.095434 -0.218941 0.286002 
-0.329375 -0.077128 -0.273893 -0.312467 
-0.360598 0.032282 -0.083499 -0.330393 
0.123642 
0.347919 
0.298171 
0.047612 

tanh


biases:
0.000719 0.000125 -0.006417 0.472775 -0.207613 

mse
